   205
     526030
    -648620
    -475600
    -620330
     290280
     225705
    -451615
    -275930
    -367360
     -50020
    1137340
      19885
    -845830
    -298685
    -329640
     367770
     -93070
    -703765
     100860
      36490
      -2050
     -80975
     213405
    -345220
     568670
    -570515
    -245385
    -140630
   -1403225
    -718525
     354445
     640010
    -276135
       1230
    -161745
       3075
     400570
     -19885
    -320210
     155185
    -201515
      65805
     486260
    -187370
    -639190
      54530
     -64780
     370640
       2255
     -43050
      15580
     291510
    -622380
     133865
     107010
    -514345
     484415
    -123000
    -337225
    -310985
    -110085
     388475
    -499585
     848290
    -836605
     232675
     161335
    -475805
    -230420
     333535
     193930
    1026230
    -294995
     446285
    -619305
    -303400
    -700690
     303195
    -104345
      28905
    -140015
    -155595
     430910
     494255
    -687570
    -420045
       4920
     -86100
    -245795
     326975
       1230
     456740
     216685
    -567235
    -154980
    -461045
    -211765
     547760
     172815
    -284335
      23780
    -347475
     203565
     119310
    -416765
    -267525
      29315
    -412255
    -126690
     330460
     144115
      97990
     644930
    -264040
      99220
     339685
    -214430
     117670
     -46535
     202540
     175685
     246000
    -290690
     940745
      93070
     307705
     -87945
     210945
     -89585
     245180
    -356700
     326155
     195775
     -42845
    -212380
     849930
    -428040
     155390
    -861615
     357930
     301965
    -176915
    -129355
    1017005
     274085
    -120335
     158670
   -1233485
     530130
    -504095
     261990
    -301350
    -602290
      34235
     388680
    1029510
    -215660
     277365
      56580
    -447105
     528080
     299915
      66215
    -150470
     618895
     558215
     121975
    -181425
     -39770
      34030
    -109060
    -420250
    -530130
     489950
      49200
      77490
     211355
     237185
     412460
      86920
     218940
    -233905
     -78720
     204795
      53300
     322875
     149240
    -300530
    -535050
     -25010
    -441365
     431320
      -6150
     421685
     527465
     -98605
     -24395
    -103935
     101065
     -87945
    -294380
    -151290
     266910
     535460
    -214840
     321235
     983385
    -234725
    -780435
     201925
     622585
     282695
    -399135
    -291715
    -314675
    -252560
     801345
    -971495
    -200490
     -21935
    -621765
      68060
     235545
     331485
    -556370
     661740
    -435010
    -363875
     376585
    -138785
     628530
      31160
       9225
     302170
     123205
     446285
      87740
    -202950
    -356700
     -71750
      49610
    -726725
     403850
     -76875
     335995
     602700
    -149855
      33005
    -185935
    -570515
    -171585
     103935
    -647390
     167075
     298890
    -380480
    -209305
    -550015
     303810
     397085
     370025
    -344605
    -805650
     505530
    -247640
     275520
     178350
     168305
     -95735
     541200
     -55350
     581585
     151905
     471705
    -271830
     347270
    -257070
      41615
      19065
    -256455
    -559445
    -345220
    -380070
     513320
    -134480
      99835
     -23780
     224680
    -237185
     297045
     103320
     -28905
      94710
     122180
    -349525
    -285155
    -164820
     338250
     794580
    -472730
     -34030
     242720
    -387860
     213405
      68880
      -6970
    -214430
     -45510
     134890
    -253995
    -149650
    -211150
    -456330
      60475
    -172610
      59450
      90610
    -124230
     378225
       -410
     150470
     -96145
    -422505
     124025
    -285770
    -266705
     429475
     -33210
     387655
    -185730
     199055
     301965
    -577895
     293765
      23780
    -317135
    -579330
    -207870
      25625
    -154775
     367155
    -359980
     636320
     390935
     258505
     -38745
    -328000
     317955
     342350
    -666660
    -403850
     273880
     402825
    -130175
      56375
      46330
    -366950
     273880
      88970
     306475
   -1014750
     341530
    -781050
    -626890
     243540
    -157645
     179990
    -779820
    -104550
      68470
     320825
     166255
      88970
     409795
     161745
     766700
     222630
    -699050
     -22960
    -472320
      -3075
    -199875
    -203155
      59860
    -358545
     205000
    -701100
     261170
     226525
    1200480
     162770
    -436855
    -791915
      86305
    -259530
    -198440
     -33415
    -640625
      22755
    -528490
    -445670
     145960
     -58220
    -342350
     359570
     597780
    -127305
    -404670
      -6150
     135915
     504300
      73595
     528285
     553090
     -70725
     -88560
     311190
     450795
    -630990
     132430
     461455
    -292330
    -618690
     732260
     562725
     -84460
    -118490
     281055
     153545
    -165230
     -35055
    -474780
     115005
     747430
      63550
    -216275
      40795
     309345
    -810980
     348295
     117465
     430295
     136735
     210125
    -257070
     151495
    -963500
     266295
    -137145
     506555
     543045
    -508810
     -47560
     -57400
     235750
     123000
    -283925
    -433575
    -191265
       9225
     130995
      12300
    -120950
    -152725
     -75850
    1327785
     593885
     117260
     -38950
     721395
    -474370
    -331075
     -58630
    -317340
     186960
    -329435
     710940
     210125
    -524800
    -119310
    -575230
    -395035
    -315700
     153135
    -183680
    -342965
      60885
     300325
     198645
     308935
     370230
      81795
      -9430
     -90405
      36695
      -7175
      19065
    -263835
     -50430
     -80975
    -226320
     698435
      20910
     165845
     258300
     298685
     -79540
     420660
    -592040
     428860
    -165435
     -91635
     -85485
     191675
    -255020
     -87945
     477650
      20705
     347270
     521930
     417175
     480725
       3280
     335380
     271420
     193110
    -193725
     460430
    -341530
    -414100
     841115
     170355
     118490
    -957145
     299710
     258915
     -84460
    -325950
    -164820
    -336405
     298890
    -496510
     300530
     279620
    -402620
    -198645
     416355
    -316930
     -15170
    -734720
     -48585
     245180
     455920
     -77695
      14555
   -1028280
     385195
    -192905
    -534435
    -446080
    -165230
     661740
     710120
     325745
    -503480
      52070
     243745
     815900
     569900
    -182860
     580355
    -601060
     288845
     530540
    -345220
    -217300
     139810
      67240
    -548785
    -365515
    -396675
    -278185
     -41410
      41000
     424760
     204385
     423530
     933775
     470270
     154980
    -248870
      -7380
     356905
    -349935
     275725
     107215
     -96350
     -27060
     -22345
     160310
     169125
     318160
     449155
    -475805
     922295
    -269575
     275520
     185320
      30750
     425785
    -194135
    -335790
     -91020
    -384990
     438085
    -182860
    -828610
    -166460
     -55760
     -68060
      46330
    -379660
    -433370
    -547350
    -281670
     626275
     100245
    -399750
     570720
    -226935
    -295200
     409795
    -310780
     473960
    -457150
    -193725
   -1079530
     119515
       7175
     563135
     187165
      84665
     525415
     386220
      57605
    -565595
    -420660
     201515
     362440
     316930
      92660
    -350345
    -109060
    -300325
    -249280
     -91430
    -213815
      -6560
    -980310
    -275725
    -170355
    -173020
     192085
    -223040
     494255
    -169740
    -115415
    -559855
     339890
     286795
     620125
     -83435
     910610
    -160720
    -283310
      32800
      33210
     939310
     196185
    -223655
     758500
    -109060
     165845
     229600
    -534435
    -310165
    -226115
     844805
     -33415
      51865
     797450
    -498355
     116440
     443005
    -343580
     -14555
    -566620
    -415125
   -1085065
    -315905
      16195
     554525
     607415
     137760
      60885
     -94095
       5740
     331895
    -301145
    -776130
      66215
     114595
      11480
     620945
    -289870
    -317955
     336610
      98400
    -660920
     331690
     528490
     -49815
      46535
    -337840
     282080
    -128740
    -702535
    -216275
    -307090
     124845
    -786380
    -193315
     417380
      95530
     144935
    1097160
    -397700
     895850
    -430705
     -34645
      -5535
    -103320
      73800
    -323080
     388885
      -9840
     178145
    -340710
     393395
     -52480
    -231855
     141450
     488515
    -156005
    -308935
    -207255
    -165230
     135505
     173020
     155390
    -550015
     289255
    -122590
    -806265
    -171380
    -600855
    -381710
     694950
     693105
     424965
    -102500
     -85895
     222425
    -206845
    -349115
    -220785
     504710
     280030
    -244155
    -808930
    -525005
    -542020
       4715
     257070
     649030
     318160
       3075
      64370
      43460
     -20705
    -332715
    -388065
    -337020
     290895
    -197825
     122795
     104960
     638370
    -596755
    -823485
     448130
    -149445
     189830
     339890
     332920
       -820
    -502660
     198440
    -220170
   -1111305
      31775
    -204385
    -119925
    -564980
      -9840
    -135710
    -353215
     592860
    -572975
    -132430
    -113570
     460430
    -118285
    -194340
      -5740
    -496510
     734105
     384170
     406310
      83230
     339890
    -284745
    -424350
     323490
    -616435
     100655
      56785
     311190
    -701920
    -301555
      55145
     277775
     359980
     -82000
     -33620
     711350
    -244770
     215250
    -313240
     280645
     154570
    -250510
     -83845
      -3075
    -149855
     443620
    -209920
    -178760
     174455
     -22345
     998760
      19270
    -954275
       5740
    -509425
    -322260
     165230
    -204385
     424145
    -882320
      72980
      29315
     275315
    -298890
     887240
     263630
    -421890
     481750
    -537510
      38540
      -6150
    -497535
     238415
     454485
     -45305
    -283310
     -89585
     449770
    -271625
     309550
     467400
     -86510
     849930
     -31980
     427425
    -445465
    -601675
     308730
      29725
      62935
     347475
    -556985
     273675
     100040
    -124230
      39975
     397495
     932750
     -53095
     907330
     243335
     -91225
       2460
    -257275
    -879245
    -416355
    -132225
    -346040
     -15990
    -137760
     285770
    -535050
     709095
     282490
     335995
    -121770
       -205
      45920
    -147805
     772235
     402825
     425170
    -448130
     233085
      94915
     527055
     250510
      26650
     234725
     198440
    -563750
     432960
     293560
     433780
     589785
    -400570
     299505
      10045
     645545
     278390
     150265
     191060
      28495
     696795
    -132020
     429885
    -397700
     595730
      19065
     -23165
    -150880
     248255
    -653540
       3280
     -31570
     383350
    -266910
      63140
     504915
    -307295
     445465
    -175275
    -349730
     270395
     422505
     357315
    -336200
       1640
      -3075
   -1213600
    -775310
    -313445
     293765
    -382120
    -491795
    -463915
     480110
     121565
     235545
     819795
    -507170
    -430090
    -554730
    -447720
    -360390
    -441570
     421070
    -494050
      29110
      15170
    -276955
     247640
    -660715
     -26650
     568875
    -355675
    -160515
     808930
    -122385
    -430500
     364080
     448130
    -316930
     386015
    -391550
      76260
    -226320
    -293560
    -401800
    -143910
    -234930
    -375560
    -839475
    -704175
    -263630
     -46740
    -234520
     208895
     249690
     -75645
     -43665
    -422095
     226115
     362235
      71955
       8200
      33620
    -193520
     430705
    -303195
     279620
    -260350
    -763830
    -139400
     226115
    -335995
    -258095
    -677525
    -657640
    -663175
     135915
     368180
     262810
    -270395
    -359775
    -427835
     268755
      -1845
     100655
    -126280
    -122385
     382325
     280235
    -522955
    -102705
    -192905
     -55350
      52890
    -327795
     584250
     198235
    -150675
    -217710
     926600
     479495
     794375
     -69495
    -155595
    -493435
     161130
    -617460
     328615
    -364695
    -445670
    -337635
   -1043860
    -328205
    -324105
     615615
     310370
    -446695
     262605
    -160925
    -427220
     163795
     910815
    -288845
     151085
     202745
     553705
     286385
     184705
     138170
     264450
    -225090
    -270805
     226730
    -110495
     502250
    -885190
     714220
    -150265
     102090
     115825
    -677730
     -34440
    -632425
    -622380
      41205
    -567440
     276545
     255430
    -262810
     382325
    -182040
      60065
   -1040785
    -329230
     105165
     167280
     194955
    -550835
    -328410
    -184500
    -642265
    -420455
      47355
    -509015
      14760
    -470270
    -925575
    -517625
     616025
     -81795
     136530
     167280
    -576870
    -647185
     604750
     322465
     152520
     203975
      42230
     169330
      -6355
     349730
     -50430
    -531565
    -197210
     791915
   -1092445
     269370
     -58835
     545505
     120745
    -284540
    -383145
     -29930
    -609055
     198235
    -519060
    -478060
    -184500
     -22755
      51660
    -535050
    -225500
      97785
      13940
     800730
     557190
     268140
     -66420
    -176710
    -207870
    -591220
     307705
      58835
      15990
     135915
     -17425
     637755
    -308320
    -465145
     127920
     -94300
      85895
     772850
    -350140
    -337840
     520085
     126075
    -439930
     394625
    -682445
    -172405
    -642880
    -171585
     776950
     176300
    -231445
    -130995
    -474780
    -400160
    -456535
    -177530
    -265270
      53505
      79745
      40590
     151700
     418405
   -1141030
     153955
     -69290
     517830
     726110
     626070
    -388065
     129970
    -741895
     378840
     391550
     -19065
     296635
     242515
    -206230
     125870
     995890
     566825
     132020
      32390
    -259530
    -231650
    -158875
    -395650
    -411025
    -733490
     904460
       7790
    -353625
     638370
     -75645
    -439315
    -127715
          0
    -480110
   -1086910
    -262810
      43460
    -138170
    -137350
     -51455
     282695
     367155
     379045
     417585
    -590605
    -677935
     657025
     507580
      27880
     132840
      56990
     307090
    -499585
     393805
     -14555
    -305245
    -477035
    -339890
    -374535
    -112340
    -255635
    -957965
     253175
    -378020
     648210
    -156620
     529310
    -732670
    -499790
     336200
     527670
      61295
    -841115
     412460
      12915
      58425
     323900
     320825
    -284745
     281465
    -764445
    -480725
    -107010
     171175
      32800
      80360
    -156005
     585480
    1134470
     279005
    -447720
    -244360
     631810
    -477650
    -668095
    -154775
     235545
      11890
    -238825
    -280440
     277160
     699255
    -254200
     302580
    -248460
     366950
    -221810
    -366540
     256660
    -200080
     191880
     -71545
    -144935
    -529515
    -151290
     427220
    -346450
      82820
    -236570
    -647390
     -26035
     859565
     -81795
      56580
     182245
      79950
    -104550
     250715
     102705
     559240
     817540
      57195
    -477035
    -257480
    -158465
     184090
      62525
     369820
    -450795
     261990
     428450
     307500
     197620
    -282080
     -57810
    -142475
     244975
      38745
     442185
      15170
     -89175
    -387655
     262605
    -726725
    1005730
     523160
     136735
    -521930
    -117875
    -189215
    -702740
     151700
       1025
     235750
    -256865
    -193315
     632425
     170560
      53915
     325950
    -656000
    -120335
      14965
      29315
     143295
    -383760
      61295
    -220580
     -93685
     402210
     521930
    -270600
    -390525
    -684905
     -34645
    -315085
     154980
     362850
    -174455
     195775
    -127100
    -519265
    -609670
     495485
     274905
     326770
     -64985
    -402210
     615205
    -134275
    -103730
    -385195
      56170
    -191060
    -276545
     359365
      59450
     682445
    -758500
    1025615
    -567850
     706635
    -204590
     835785
     -60680
     861205
    -183065
      53505
     500815
     225090
    -611720
     267525
    -245385
     463095
    -141655
    -338045
    -101885
    -212790
     265065
     543660
    -486670
    -212380
      44895
     476625
     -54120
     117260
     571540
    -464120
    -378020
    -435625
    -513115
      22550
     275725
     -85895
     731440
    -280850
    -145960
     332920
     438085
     -10045
       8405
      46945
      15785
    -118900
    -688800
     166665
    -115210
    -194545
    -298275
    -811800
    -227755
     307910
     -67445
     290280
     110085
     247025
      48380
    -682240
     421275
     527875
      30340
   -1124015
    1020490
     363670
     329845
     773465
     -63140
    -206025
    -374535
     212995
     677320
      77490
     409795
    -289255
     310780
    -199670
     332920
    -408360
    -235545
     -97990
     218120
     299095
    -237185
      80770
    -232060
     322260
    -320005
    -190855
     -43050
     -26650
     -59245
     213200
     425990
     286180
     425990
    -139810
      82615
    -662765
     302170
     335175
     159900
      43050
    -216070
     365515
     779410
    -127305
     184500
    -164000
     -63345
    -351985
    -592655
     159490
     131610
    -267525
    -437880
     105165
     409795
    -407540
      46535
    -427015
    -351780
    -122795
     642060
     544480
     714220
      83640
    -161335
    -341325
    1558000
     197210
     517215
    -134480
    -659895
    -273470
     642470
     363260
    -103115
     267525
    -486670
    -562110
    -201925
     -97375
     158260
    -335175
     263835
     -97580
     152110
     228780
      92455
    -516805
     211150
    -137145
    -470270
    -951610
      78515
   -1089370
    -554730
    -214840
     344195
    -167485
     304835
    -118080
     -79745
    -373715
     296840
    -637550
    -551245
    -160105
     -37310
    -193110
    -331075
     284335
     -64165
     959400
     403645
    -355060
    -443415
     797450
      12915
      -4920
     -33415
    -177735
    -778385
    -502660
    -335585
     -85280
     641445
     446285
     955915
    -243130
     -99835
      68060
     -66830
     163795
     -17835
     417995
      92045
    -411025
      52480
    -522340
     -91225
     297045
     225500
    -449155
    -510040
     129355
     404875
     422710
    -132635
    -862640
     116850
     428040
     453255
     568875
    -169535
    -115005
    -910200
     573590
      83025
     238005
      16605
     370640
    -254405
     688185
    -286795
    -116850
    -125665
    -943820
     600240
    -167895
      61705
     627095
    -102500
    -476830
     670555
    -334765
     158055
    -682445
     259735
    -641240
     280850
     189830
     -87945
    -318160
    -227755
    -380890
     301145
     -78720
     231445
     189010
      47970
    -525005
     -76875
     475805
     386220
     273265
     443415
    -363670
     270805
    -364080
    -712170
     -39155
    -443415
     138170
    -536280
     241285
      88765
     -44280
     -83025
      41410
     141245
    -767725
    -115005
     521315
     349320
     128945
     116850
     458790
     397700
      61295
     -30955
     408975
     233085
     745585
      39770
     311805
    -511475
     743330
     662150
     603520
     530950
      72980
     -67650
     382530
    -307500
     446285
      52685
    -184500
     493640
    -595525
    -347680
    -891545
     198645
     318980
     139605
     131405
      97785
    -803805
    -541405
     603930
      97580
   -1186130
    -141245
    -107625
     384990
      77695
     590400
    -239850
    -217505
    -753580
    -304015
      69290
    -247230
    -371255
    -500610
    1140210
    -459815
      -2665
      -8200
    -258095
    -664405
    -387040
    -108035
    -913070
     -74620
    -380275
     -25420
    -264860
    -114390
    1085885
     187780
     557600
     492000
      -9225
     -81180
   -1058620
    -560470
     888060
     -35465
     -76055
     -98810
    -410000
    -519060
    -599215
     379455
     583635
     -77900
     -74620
     236365
    -192495
     846855
      72160
     212585
     103730
    -123205
    -450590
    -134070
     615205
    -546325
     291510
    -688800
    -638165
    -142885
     303400
     390115
    -231650
    -107420
    -878220
    -261375
    -584660
     -67240
     246410
    -265475
    -322875
    -539970
     377610
     460020
      83640
     515985
     283925
    -774080
      55760
     247025
    -203360
     536280
     354855
    -727545
    -153955
    -290895
     -50635
    1058210
    -422300
    -112135
     117465
     739845
     -20090
     -82000
    -190855
     484620
    -222425
    -670965
     584455
     329025
    -701510
    -745790
    -648415
     213815
      69700
     -22140
     268960
    -611105
    -362850
      87535
     -83845
     559445
     -56785
     188805
    -203770
    -314470
     150675
     575230
    -100860
    -198235
     112135
     542020
     -67445
    -164615
    -105985
    -215045
    -259530
    -187370
    -443620
    -413280
     217710
     188190
     319390
      67240
     -29520
      15170
     117465
    -282080
    -132020
    -397085
    -316520
     473345
      20090
     654565
     224270
     258915
    -116645
    -255840
     -51660
     463095
     168305
    -637755
     576255
     281670
     162770
     515575
    -297660
     260965
     117260
    -183885
    -356495
      40590
      -6765
     367565
      28290
    -396060
     -87330
    -100860
    -119515
     562930
    -217915
    -108240
    -542635
    -515780
     -24190
      -9635
     178555
    -133045
     -27675
     863050
      33620
     146575
    -710940
     480110
     858950
    -119720
       5740
     107625
    -451410
    -152315
    -215455
     264860
     110495
    -691875
     309345
     160925
    -362850
    -346450
    -141040
    -387860
     320620
     274700
    -192905
    -396675
     137760
     -43460
     462685
    -391140
    -514550
    -217710
    -206230
     667890
     312420
      26650
    -482775
      37515
    -396265
    -231445
    -552065
    -294380
    -372280
     -77490
     142475
    -577690
     633655
     135710
     267935
     682855
    -831480
    -337020
     728365
     221605
     -47150
    -630580
    -212585
    -873300
    -523160
     794785
     -66830
    -217710
     331075
     472935
     487695
    -156620
    -561700
    -437470
     179990
    -238825
     128535
    -180400
     307500
    -237390
      41615
     554320
     125665
     -35055
    -684700
     743945
     199875
     516190
     572975
    -594090
    -112750
      23985
    -800320
    -235340
    -415945
     297660
     379250
    -507375
    -324720
     441570
     174660
     374740
     -28290
     127920
    -503890
     230010
    -325335
     536280
    -258710
    -489950
    -658255
    -154365
    -204795
    -211970
     426195
    -362440
    -393805
    -230830
    -546120
    -452640
    -581175
    -794580
     -57810
     687365
    1131600
     414305
   -1164195
     419635
     813850
    -478265
    -641650
    -244565
      46535
    -469040
      22345
    -111110
    -142475
     429475
    -612745
     -33825
     623405
    -199875
     499585
    -157030
     301350
     -10660
     -12915
     155390
     330665
     546120
     992405
    -209920
    -234725
    -101475
     313035
       6355
     287205
     193110
      43870
    1169525
    -206230
    -429270
     -77285
     246615
    -297660
    -299095
      39975
    -292125
      62525
    -272240
     -71750
    -498765
     435830
     115005
     592245
    -260965
     506350
    -208280
    -184705
     -97990
       6970
    -454690
     868585
    -113570
    -717705
    -753170
    -350140
    -127715
    -296430
    -166255
    -548785
    -730825
     316520
    -224680
     226525
    -813440
     123820
    -373715
    -521725
     420250
     674450
     173430
    -574410
      90610
    -223450
     221605
     124230
     502455
    -391345
    -474575
     750505
    -255020
     -93890
    -114800
     162565
    -233700
    -361210
    -805035
    -108445
    -153955
     809340
    -563340
    -463095
     446695
     638780
    -114595
    -147395
    -268140
    -292945
     271625
    -282900
     915530
      63140
     -20295
     576870
    -423120
   -1122990
     -73185
   -1061900
    -460225
     844805
     -39975
     392575
    -190650
    -371460
      77900
     524390
     214635
     745585
    -182245
     423325
    -483800
    -789250
     108650
     315290
     -14965
    -804420
     -11070
    -259940
    -449770
      99630
      46740
     434805
     218325
    -153955
     164000
    -251535
    -248050
    -445670
     565390
     801550
    -308730
     569080
    -287205
      65190
    -397700
      26035
     908355
    -795810
    -482570
    -161745
      51660
    -261170
     343170
     191675
     331075
     403235
      86100
     631400
     471910
    -152520
      83025
     -53915
    -560470
    -169945
     220170
    -258505
     468835
     187985
    -195775
    -357930
     261990
    -294585
    -364900
     329845
     265270
    -124025
    -250715
     388475
    -114390
     -69495
     670350
     561085
     513115
    -843370
      17835
    -334765
     593475
    -330460
     -54120
     165640
     266910
     643085
     522750
     -39155
     314060
     405900
    -317135
     123410
    -164820
    -424350
     560470
     205615
     -29930
     363465
    -164615
    -238210
    -259530
     914300
      66830
     124025
     311600
     947510
    -591630
     -84255
     143295
    -175890
      58630
    -414920
     148830
    -285565
     136530
     570105
     136940
   -1178135
     791915
     -13530
    -390730
    -233495
     119105
     100450
    -866945
     902820
    -274905
     350755
     200080
    -213610
      28085
    -655590
    1011265
    -640420
      30955
     125460
     692285
    -512295
     186960
     -96350
     162360
    -333945
    -175890
     232675
     868175
     -12710
     128740
     252560
    -342555
    -587325
    -328410
   -1240250
    -904255
    -155390
    -570515
     285360
     351575
     198440
     -46740
     817745
    -481340
     274905
    -804215
     488310
     484825
     298685
     292330
     155595
    -483185
    -264450
    -359570
    -669325
     313855
      72160
     151290
       5535
    -184910
    -538535
     124025
    -509425
     -94710
      92660
      95120
    -137350
      70315
     144935
    -296635
     636115
     400570
    -313445
     286795
    -420660
     391755
     133045
     134275
     -26445
    -117670
     676705
       2255
    -106395
    -480520
    -154775
    -149445
     399135
     738000
    -393190
     324310
    -292330
      36490
     -30135
     223040
     171585
    -149240
    -318365
     486465
     747635
     654975
    -112955
     -78925
    -151495
    -190445
     589580
    -342145
     785150
     907740
     134685
     311190
      -8200
    -222015
     216890
    -485030
     361620
    -375765
     421275
     369000
    1031150
     121360
    -127305
     334765
     -13325
    -192700
      54120
     742510
     314060
    -354445
      88970
     317545
     116645
      -9225
    -732055
     346040
    -169330
      88765
      96965
    -529720
      38950
     142680
    -182245
       6970
     126075
     186755
     876990
     219145
     277980
     705610
     493435
     143705
      29930
     204795
     462890
      55965
    -350960
    -897900
     581175
    -970265
    -309550
    -699050
     623815
    -154160
      49200
     328410
      -2050
     573590
      92865
     654360
     550835
    -231445
    -143910
      -7995
    -539355
     764445
    -512705
     915940
     286795
     509425
     417995
     -87535
     -95325
     -83640
    -310165
     411435
    -610080
     683060
     900975
     233085
     112545
     345220
     413895
      21525
     134275
     -87740
    -194955
     -94095
      79540
     371050
    -326975
     -27675
      70315
    -291715
     391140
    -608030
    -102090
     -39155
    -548990
     242720
     269985
      29725
     -12300
     690645
     461455
    -924345
     528080
    -601470
    -103525
     310985
     202950
     573385
    -350345
     238415
    -202540
     -28905
     124845
    -154365
     335790
    -771825
    -118285
    -556370
    -113160
      17630
    -167690
      86920
   -1046525
    -597575
      98400
     501225
     976005
    -864485
     -67035
     369410
     159695
    -687980
     452845
     310985
      24600
    -141655
     368795
    -121155
    -732875
    -384990
    -296635
    -281465
    -902820
    -494665
     649235
    -398930
     586505
    -533615
    -492410
      22755
     564570
      90610
     359775
     514550
     -46330
    -510655
     123410
    -510040
      73390
     370640
    -395855
    -293560
    -291100
     -66215
     -81180
      -6560
     673425
     144115
    -217095
     130995
    -668095
    -789660
     566005
      92660
     924140
     447310
       2255
     193725
    -181630
     -84255
    -182245
     597575
       2665
    -283515
     632630
    -374330
     358545
    -331690
      -6150
    -505940
    -824920
    -380480
      18450
     781870
     438085
     246000
    -531975
    -165640
     128740
     171995
    -244975
    -295405
    -278390
    -774695
    -762395
    -246820
    -163590
    -439520
    -232265
     -88560
    -338660
    -201925
     -47970
    -167280
     153750
     434190
     -94710
     600650
      83640
    -103320
     148215
     417380
     273265
    -156620
    -443005
    -334355
      72775
    -300325
     406720
      92250
    -228780
     379865
    -724675
    -380275
     222425
    -269370
      95325
    -361415
    -189830
     638985
       8610
    -287410
     145550
     212790
    -470065
     -98195
     -50635
     252150
    -371050
     252150
    -587940
    -381095
     179170
      71750
     556985
    -130585
      25215
     454280
     200080
    -407130
     488105
    -294380
     -23985
     -71135
    -212585
     197415
    -407540
    -212995
    -556985
    -718525
     224270
    -836810
    -146575
     388475
    -263220
    -369410
     435420
     694335
    -380480
      30545
     -15375
   -1018030
    -766905
    -210125
    -365925
     647595
    -489540
     -45920
    -294175
     265475
     222630
     739845
     -18245
    -231240
    -164000
     -33620
     274700
     -11685
     196800
     194340
     919835
    -155800
    -562110
    -384580
    -266090
     255840
    -883550
    -118490
    -758910
    -133455
     247435
    -434805
     482775
    -966985
      34850
     301965
     594295
    -285565
    -281670
     536485
    -426605
     515370
     545300
    -634885
     473755
     201515
    -222425
     681010
     144730
      50020
     616025
    -493435
     350960
     -83435
    -714015
    -168920
      31570
     -48175
      -4305
    -305655
     156005
    -378020
     230830
    -445875
    -384170
     295200
     255840
     -64370
    -418610
     245795
    1093880
    -169535
      33210
     181220
    -466990
     -58425
    -176710
     429065
      67035
    -656205
    -111930
     -70520
     760755
     154160
     644930
     487490
    -184295
     329845
     402825
     123000
     461250
      78925
     584045
     122385
     151495
      57195
     391960
      90815
    -316520
     138170
     -15375
     239030
     193315
     139400
    -738615
     376995
      21525
    -320005
     149240
     156415
     -63550
     -54530
    -330460
     -99220
     695565
    -165435
    -164205
     762190
     -39975
     366540
    -506555
     171790
    -232470
     528900
     -38950
    -171995
     460635
     814055
    -234930
     487285
        615
    -315700
    -292945
    -881500
     196185
     -88970
      75645
     352805
     115005
    -256660
     386220
    -283310
    -247435
     276545
      -4100
    -229600
      83845
     110700
     113365
    -420660
      15990
     451410
     287820
     103730
    -615820
     589785
    -509630
     475190
     993840
     488720
     701715
     -48175
    -249690
     318775
     332920
    -158670
     -96145
    -340095
    -125665
    -220580
      -5535
     679165
     367770
    -749685
     374330
     340505
     175275
     785765
    1091420
      24600
     379455
     109880
    -235545
      29725
     -58015
     681010
    -823280
    -214635
    -426195
     500610
      71135
    -287000
     124025
     312625
     225910
    -849110
    -368795
    -437880
    -237390
     102500
    -634065
    -301350
     161130
     405285
    -848905
    -165845
     275930
     267115
     425785
     268960
      32800
     104345
    -500815
     153340
      -1435
      88355
     164000
      38540
    -408360
    -265680
      70930
     463505
     -69905
    -438085
     -35465
     136530
     365310
    -779205
     402415
     622995
     -16400
    -282285
    -201310
   -1106385
     359365
     240875
    -148420
    -717500
      64985
     525825
     675680
     154160
      96555
     577280
    -270805
     365310
      78720
     477650
    -243950
    -363260
     485030
     691055
     598395
    -138785
     458585
    -899745
     182450
    -314470
     -23780
     501635
     -63755
     357930
     389500
    -116235
     234725
    -409590
    -269165
    -424555
      25010
    -337020
     513935
    -517215
    -831070
     290075
     285565
       7995
     280030
     495690
    -431935
     461250
    -213405
    -363055
    -256865
    -216685
    -129970
    -252560
     162770
    -145550
     135300
     203565
     438290
     103320
     222015
    1096340
    -103320
     -82205
     496305
    -115005
     108035
    -202335
     -70520
    -340915
     913685
     411025
     830455
      99630
     701920
     -70930
     260555
    -108855
    -195365
    -530745
    -414920
      28700
     159900
     724880
     437470
      93275
     235955
     297865
     143500
     542020
    -470885
     498560
     -30955
      91225
    -108445
     318570
    -215660
    -350550
    -374945
     505735
    -268755
     342145
     568875
    -229600
      80975
      14760
    -350960
      62525
     285565
     -80360
    -327180
    -326975
     452025
     524595
     124230
    -219145
      -6355
     208075
     816720
     567030
    -764035
    -212175
     606390
     106805
    -786995
     -57400
     -46125
    -146780
     -74415
    -379455
     173840
     143090
    -616230
    -448540
     353010
     223040
    -217505
    -189010
      19270
     676500
    -315290
    -303810
     207870
    -267115
     467605
     449565
    -409795
    -243540
    -830660
      15990
     362645
    -130995
    -161335
     370435
     -17630
    -389090
     503890
    -872070
     589375
    -706430
    -792120
     175070
     631195
     136530
    -338865
    -120130
      49610
     433985
     247640
      -2870
     590195
     -70315
    -498560
     412050
    -420865
    -260350
    -128125
     574205
     -34235
    -222835
      61705
     -73595
     -17425
    -166460
    -835785
    -161540
     216685
     122590
    -757270
     951200
      22960
    -128330
    -314880
    -368385
     832915
     367360
    -185730
    -510450
     349525
   -1184900
      89790
     516395
          0
     715245
     629350
    -411230
      44075
      36490
     610285
    -413485
     571745
     335175
    -665430
      70520
      42435
    -141245
     300940
     236160
    -470065
     143090
     234315
    -246820
     854235
     199055
      88970
    -386425
     204385
    -193110
     200490
     290895
     257890
     238210
     101475
      91635
      80975
     722010
     -71340
    -552475
      15375
     232880
     -16400
     140835
     289460
    -101065
    -358340
    -164000
     358955
     152315
    -243540
     307090
    -282490
     107215
    -253585
    -558830
     203975
    -206230
    -294790
          0
    -107830
    -475600
     237390
     479085
    -689210
      91635
    -140630
     149650
     -70930
     468835
    1232460
     202950
     150675
    -799910
     -79335
     207050
    -177940
     461455
    -459815
     616025
     447515
     523980
     291305
     117055
    -314060
     473345
      41820
     697205
    1208680
    -255430
    -248050
     647595
     258095
     437265
     490565
       4305
     668915
    -224680
     480725
     279825
        820
     -94710
    -561085
    -136325
     -85690
    -669530
    -182245
     232060
     711145
     160515
     -22960
    -275520
     585890
    -332510
     -49815
    -533000
     -78310
     713400
     -86715
     169330
     363055
    -758295
     637550
      -1025
      82205
     161335
      48175
     -12300
    -497945
     -52480
     290895
     998965
     186755
     549195
    -965140
    -364080
     302170
    -613155
    -267115
      56580
     186550
    -190650
     417585
     -41205
    -109060
     732670
      40385
     319595
      26240
    -285155
     328410
     242515
    -101065
      53300
     380070
     -96965
    1214420
     197415
     308525
     640215
    -168920
     402005
     620535
     250510
    -521725
     524800
     510450
     632630
    -115415
    -798680
      20295
     585275
    -673425
      15580
    -402620
     485235
     154775
    -197620
     413075
    -340915
    -141655
    -337635
    -608440
    -328000
    -173840
      79745
     -36490
    -327590
     202335
     627710
     281465
     642880
     -41410
     566210
     -56990
     438700
     120335
     205205
    -397700
     320620
    -236365
     -12095
     412050
     553910
    -314470
     461250
      88150
    -398315
     -28290
       5945
    -325540
    -415535
     382530
     533000
     752145
    -257480
    -325540
    -625865
     209920
    -148010
    -508400
     491180
     -26240
    -551450
    -182040
    -311190
     155595
    -345015
     114595
     381095
    -634475
     783715
     -52890
     -51045
    -157440
     279415
    -574820
     141655
     466580
    -374740
    -487490
     -76465
    -479290
    -380890
    -918605
    -154160
    -315290
    -145140
    -411845
    -484210
     161335
    -934595
      37310
     -64985
     518650
     156210
    -544685
    -495690
     325335
    -277775
    -341940
    -421890
     697410
     -80360
    -438290
    -592245
     856490
    -171175
    -294175
    -378635
     604545
     -77490
      73800
     699665
    -466785
    -190650
     467195
     388065
     181425
     294380
     -89585
     101065
      61500
     -95120
    -884985
     251330
     187370
     -49200
     -36490
    -343375
    -130175
     285565
     802575
    -493435
     -59655
     364695
      20910
    -127305
     206845
    -136940
      46535
    -827995
     367770
     143705
     280850
    -166255
     249895
     455510
     426605
     166665
     227755
      -7380
     457560
     -14965
    -849930
    -632425
     249485
     485030
     -37720
     737180
     462480
     408770
     245180
      -6970
     477855
    -186960
     -77080
     118285
     272445
      11890
    -605160
    -348705
      56990
    -256045
    -159080
     -25010
    -291305
     139605
    -319800
    -380480
    -100655
     -72570
     222835
    -492410
     -35875
    -872480
    -417790
     281055
    -914300
    -451205
     199875
     696795
     -48585
    -251535
     430500
     -42025
     241285
    -540175
     193315
     507785
     -44690
    -177735
    -104345
    -504505
     256250
     632835
     113570
    -248460
      84665
     867355
     229395
    -188600
    1018850
    -121565
     104550
    1066615
     421275
     690440
     143910
     210740
     671580
     334560
    -566620
     402210
    -554935
    -253585
    -121975
    -645955
    -273470
    -570925
     479700
    -189215
     224270
    -137350
      79950
     233290
     228985
    -305040
     709915
    -325335
     609465
    -138580
    -862025
    -477445
     332920
    -315700
     370435
     290690
     219350
    -436445
     174045
     605160
     877195
    -476625
      19885
    -458380
     936645
     246000
      12095
    -627710
    -116235
     181220
    -339890
     159080
     557395
     150265
    -270190
    -667890
     429065
    -387860
    1480920
     546325
    -421275
     529105
     322260
    -439110
     -18655
    -245385
     330460
     587325
     151905
      44280
      26650
     593065
    -473755
    -454280
      30750
    -428450
     626685
     249075
    -720575
     371870
     234315
     349525
     351575
    -599625
   -1404660
     539970
      88970
    -408975
     800525
     551040
     163590
    -118490
    -131815
     283720
     523570
     581790
     626070
    -287820
    -223245
    -216480
     201310
     437470
       3895
    -671170
     468015
    1037915
     -73185
    -492410
      89585
     312010
     345220
    -171175
    -239645
      -8815
     520085
      65805
     590195
      17015
     -66420
    -309960
     433370
    -145755
     205615
     312215
    -220785
     107215
    -851570
    -367770
     375150
    -721600
    -172405
     -36285
    -134275
     169330
      14760
    -355265
    -101475
     216890
    -274290
    -619715
     257685
    -334150
    -236570
    -396675
    -429065
    -169535
     429065
    -127715
    -391550
     278390
     249075
    -500405
    -664610
       1845
     608645
    -397905
     444235
     262195
     699460
    -437470
    -140220
    -256660
    -250305
      43460
    -533410
    -536485
    -173430
    -105370
    -252150
    -863460
     718525
     -17220
     434805
     224270
    -264655
     779615
     769980
     624225
    -652105
    -369820
     -55350
     287000
     274290
     539765
    -286795
     284130
    -273675
    -144115
    -553500
    -140630
      85280
    -500610
     397290
     933980
     452435
    -562315
     545710
     372075
     -60065
     -47560
    -159900
    -340095
    -192905
     674040
     485850
    -492615
    -200080
     340505
    -515575
     -17425
    -745380
      58015
     484415
    -197415
     -58015
     -74005
     473755
      21525
    -549605
    -245180
     362440
     573795
     402415
      97580
    -161130
    -285770
    -194340
    -245180
     286385
   -1063950
     197210
    -443415
      58835
     162360
     325540
     318365
    -124230
     477035
     419840
    -414305
    -402825
     344400
     209100
     528900
     246205
    -955505
    -179580
    -508400
    -579740
    -355675
    -454280
     526440
     238620
     100655
   -1371245
     320620
    -192085
     100040
      83025
     192495
    -390320
     137145
    -230625
    -475190
      39565
    -461045
     132225
      27470
    -132840
    -794170
     155390
    -134480
     440135
    -532795
      11890
      19270
    -753170
    -326565
    -468835
      99630
     851980
     118285
      91840
      11685
     217505
     250305
     125255
    -297455
     -56785
    -810160
    -824510
    -385400
     934800
      43255
    -458585
     370025
     588555
    -461250
    -238620
    -207255
    1236560
     856080
    -556985
    -157645
    1076660
     457560
    -238415
     458380
      67035
     617665
     434395
    -217505
       9225
     279415
    -139400
    -381300
     268140
    -117260
    -195980
     -50635
     289665
     151905
     364490
     484825
    -709095
     334150
     -34030
      97785
    -240260
     468220
     151290
     210125
    -291920
    -218325
      18860
    -174045
     824100
    -685315
    -378430
    -121360
    -321645
    -179580
      94300
     319185
     -15170
     216685
    -159900
      94710
    -533000
     123820
    -788225
     414920
     498355
    -642880
      23985
     134685
     -61910
    -154570
    -263220
     306475
      99835
    -151700
      -2870
     606185
     -30750
    -153955
    -138785
    -150470
    -427425
    -630170
     253585
      88560
     -38745
     405900
    -593270
     712785
    -351370
     273265
    -497330
    -796425
     407745
    -317135
    -165025
    -690235
     309550
    -100245
    -406720
    -795605
    -104550
    -566620
      57810
    -117465
    -249280
     269575
     178350
     -84870
      37515
      64165
     109880
     512295
     637140
      -5740
     362440
     -30545
     222835
    -280850
    -369205
    -179375
    -205205
    -101475
     244155
     402825
    1095110
     549810
     106395
     -54120
     214225
     580765
    -439110
     324515
     335995
    -597370
      61705
     859770
     170560
      79745
     591015
     132225
     231445
    -430500
     -15375
    -537305
    -137555
     627095
     441570
      37105
      18655
     642880
    -414920
     434190
    -220580
     610900
    -275315
     120950
    -239850
    -424555
     -56170
    -181220
      58220
     318365
     -94300
       7790
       1435
     437470
    -107830
    -449360
     330665
    -254815
     -29930
    -486260
    -160925
    1101465
     383350
     362235
    -333125
     314470
     -53915
     575435
     718730
     320620
    -674450
      -9635
    -781460
    -390935
     351370
     259120
      61500
    -312625
     470065
    -132840
    -693720
     452640
     230625
      45305
    -217095
     182040
    -185320
     305655
    -246000
       8405
   -1233485
    -665020
    -535050
      66420
     547145
     130175
    -429475
     427015
    -220375
    -143295
    -183885
    -303195
    -433165
    -177325
    -220375
      25010
     415945
     255635
    -496510
    -810570
    -245590
     610080
    -375355
    -288640
     347680
     100245
     234110
    -138785
    -211970
     186345
     123820
     180605
     556575
     240875
    -167895
    -136735
    -425990
     796425
    -226525
    -789455
     280440
    -547760
    -381505
    -243130
     160310
     532590
    -461455
     234520
     199055
     380070
    -338045
    -336405
     576255
    -417175
      72570
     559650
    -380890
     409590
     904050
     565185
   -1121965
     605365
     192495
     168510
     515165
    -169945
     790070
    -962270
    -465350
     376380
    -397495
     -52890
     367360
     645135
    -258300
     142475
      67650
    -295405
     379660
    -415535
     151290
    -305860
    -578100
    -138375
     412665
     -18860
     985435
     382325
     352190
     218325
     190240
     308320
    -166460
    -658870
     -70110
     -66215
    -110290
    -354650
    -716065
     562110
    -171380
     139400
    -254610
    -134070
    -487490
     189010
    -635500
     206025
    -601060
     382530
     473550
     505735
     875555
    -560265
    -250715
     535460
    -417790
    -707045
     -67855
    1022335
    -955095
     110700
     529105
     601265
     390730
    -933570
    -319595
     -24805
    -260760
     468220
    -130790
    -353830
    -621560
    -232675
     378635
    -127305
     540175
     829020
    -695975
     619920
     141450
    -337020
     333945
    -805240
   -1266695
    -445670
    -324720
     329025
    -291715
    -361620
     130380
   -1207040
    -610080
    -434395
     288025
      28700
     621150
     -23370
     193520
     150675
     598600
     429885
    -328410
     181425
    -659280
    -497535
     185730
     290485
     447515
     739640
    -493230
      -1845
    -323490
       2870
     271420
     326770
    -680600
    -136325
     313445
     551655
     289665
     355265
    -101475
    -153955
    -202745
    -147600
    -931930
      72980
    -187780
    -388885
     420865
     -19680
     726725
    -757475
     454075
     104550
    -164000
     -45305
     104140
    -246410
     760960
    -401595
     123000
     360800
     122385
     109880
    -372485
     413895
       3075
     128945
    -537305
    -225705
    -256865
     130380
     272855
     474985
     246820
        615
     423325
     127305
    -326770
     311190
    -415330
      62525
     469040
   -1155585
     361210
     243130
    -241490
     407745
    -161130
     -94505
    -960015
      35465
     110290
    -149650
    -601060
     -26240
      23780
    -344195
     699255
    -637960
    -110085
    -528695
     118285
     143910
    -760550
    -687775
      11480
     438495
    -120745
    -433370
     504710
     359570
     178145
     -96350
     -86920
     150470
    -342965
    -572155
    -588555
     959605
     -56170
     441570
      -1025
    -187575
    -277160
      26855
     347475
      88560
    -202335
     172405
      95530
     -38130
     283720
    -436035
      59040
     163590
    -152725
     601060
    1021515
    -118285
     306475
    -430295
    -118900
    -614385
     165230
      29110
    -462890
    -266910
      24395
    -115620
    -201515
    -606595
    -211560
      40180
    -128125
     671375
     -78515
     159080
    -281260
    -655385
     -27880
     933570
     316110
    -355675
     208485
    -408565
    -551040
    -558215
    -162975
     458790
     118080
    -513525
     112545
     336815
     623815
    -235135
     302375
    -291100
     629555
     -32390
    -334355
     419020
     163385
    -128125
     121360
     -29725
     211560
    -169945
     165230
     826560
     436650
     225295
     601470
     123205
     255840
    -266090
     125665
     314675
     293150
    -268960
     325130
     606390
     222220
     736975
     117055
      40795
     246820
    -111315
     436035
    -158670
     117465
    -458175
     401595
     361620
    -200285
    -240465
     115005
    -308730
    -916760
     172610
     280440
     563340
     226115
     778385
    -200900
     181015
    -465965
    -283720
    -130790
    -643700
      15785
     408770
    -367360
     368385
    -624020
     725290
    -347680
     -54735
    -428655
    -790685
     151905
      31775
    -334560
     279825
     527260
      11890
    -908150
     397085
     931930
    -869405
     440955
       9225
      88560
    -162360
      54325
     509220
    -579535
    -129355
     -16810
    -253175
    -666250
     529720
     935825
    -641240
      30750
     294380
    -504300
     551655
     -33825
     812005
     -31775
    -719755
    -519880
    -434395
    -286590
    -113160
     637960
      17425
     254405
     396675
    -307295
    -524800
     669735
    -288230
     480315
    -455715
    -103935
    -242925
     719345
     406720
      37515
    -203565
     470475
     531565
    -243540
      31160
     535665
    -384580
     364080
    -382530
    -158465
    -161745
    -309345
    -410820
     -81180
    -532590
    -240260
    -141040
    -376380
       2255
     325540
    -412255
     -72365
    -309550
     393190
     -21730
    -223245
    -646775
    -528080
     -58015
     -92660
     -24190
     360595
     218735
    -238210
     565390
     518240
    -227755
    -143295
    -858950
     -12300
    -471705
     638370
    -865510
     737385
      69085
    -755835
    -491795
     687160
     277980
    -138990
    -526645
     653335
      83845
    -144320
    -728160
    -234315
    -326975
    -252150
     390525
     113365
    -280030
     118490
     -86305
    -658255
     100040
     -62525
    -273675
     251945
     540380
     137555
    -883140
     202950
    -502660
     -10045
      31160
     490360
      82205
    -361620
    -251330
    -571745
     468835
     -64370
      31160
    -444440
    -423530
     -43460
    -224680
      30955
    -469655
     -25625
     271420
    -809135
    -149445
     486260
     -48585
     335380
     611105
    -132225
     482980
     746200
     538535
     -44895
     256455
     -29725
    -379455
     117260
   -1224670
      72570
    -150470
    -408360
      18450
    -753375
    -568260
     442595
    -132430
    -205820
     395445
    -576460
    -428860
      29110
    -235545
    -224065
     243950
      67855
    -601880
     298275
      63140
    -497125
     -31160
    -468015
      59655
       4510
      70520
    -327590
    -291510
     321645
     145345
     199260
    -211970
    -558420
      90610
    -543865
     488925
     580150
     120130
     473140
    -251125
    -749890
     136120
     170355
      65190
    -226525
    -648005
       1845
     -36080
     140015
     495280
    -362850
    -102295
      37515
    -257685
     768750
     168510
    -183680
    -508605
    -605570
    -271625
    -177940
     -15785
     -94915
     -16400
     288025
     524595
    -815080
     725085
    -396060
    -136735
    -669735
    -447925
     201925
     607005
     224065
     183270
    -336815
    -171175
    -726725
     443620
      63345
    -353420
     271625
    -581585
     641035
    -539150
     328000
    -337020
     124640
    -417790
   -1104745
     -19065
    -393395
    -861820
    -828815
     128125
     359365
    -588965
    -139605
    -177735
    -174455
    -216275
    -113775
     183270
     286590
     452845
     274700
    -179990
    -282695
      51455
    -248870
      16400
     -39975
     635295
    -199260
    -449770
    -908970
     330460
     462275
    -333535
     193725
    -207870
    -423530
     352395
     680190
     265885
     297865
     470475
     102090
      90405
     118080
    -103115
     201515
     598805
     495690
      89175
      98195
    -603315
     128740
    -973750
     891340
    -144935
     168715
     339480
    -217710
      83640
    -157030
     359775
     256250
    -801550
     319595
     334560
     -61090
    -325745
     167075
    -147395
    -397085
    -404670
    -506555
        820
    -518240
    -240875
      51045
    -138580
     -61090
    -249895
    -144730
    -576665
     383350
     -85485
    -107830
     265475
    -317955
     208690
    -158055
      16400
    -375150
    -354445
    -141245
     539560
    -548990
    -959810
     305655
       9225
     705815
      -8815
    -673015
     813440
    -277570
     -61295
     188190
     156620
    -249690
    -207665
    -169125
     256865
    -437880
     358545
     248050
     409385
     -13735
     -42230
     506145
     -71545
    -604545
     585890
     231240
      54530
     141245
     780230
     322875
    -511680
    -366745
    -427835
     732670
     190855
   -1375755
     310985
     441980
     207050
     218940
     707045
    -152520
     183680
    -194545
      -7175
    -652720
     630785
     150675
     632015
      39975
     -28700
    -895030
     295815
     523775
    -518650
     478060
      43460
    -144935
    -190445
    -597370
     253790
    -350140
      24395
   -1079120
    -423530
    -230830
    -566415
     183680
    -232060
     -86510
      60680
     218735
    -229600
    -174865
     231240
    -276545
    -709300
    -361210
      68675
   -1035865
    -698845
    -285975
     438700
     -58015
      59655
      41615
     331280
     261785
    -287410
    -774490
    -209510
    -121975
     348500
     153340
    -656000
     184295
    -322055
     529925
      31160
    -607210
      90405
    -596345
      71135
     -80155
    -203975
     259735
     104960
     -54940
    -188395
     416560
      56170
     -16810
     735950
     -60065
      32390
     337225
     121975
     -91020
     246410
    -264450
     324720
    -482775
    -768955
    -352805
    -107215
    -491590
     461045
     524800
    -329025
     -73595
    -281260
     -36080
    -232880
     247230
     234315
     530335
    -269575
     151905
      70110
    -181220
    -157850
      19270
    -572155
    -921270
     410410
     457970
     129355
    -522545
    -479085
    -138990
     170355
    -247845
    -451410
      83230
     336610
     164615
     -67035
     853415
    -919630
     319800
     185935
   -1159480
    -651080
    -131815
     -35875
    -414100
    -225295
     270190
    -434190
    -235955
     276340
   -1397280
    -552885
    -583020
     -29110
     847265
     116235
     962065
    -221605
     381915
     559445
    -324925
    -162360
    -460840
     642060
     778385
     562315
     110905
    -476625
     394215
     674655
     238825
     181835
     337020
      46945
     108650
    -529720
    -496920
    -430090
     568465
    -242515
     161130
     400980
     237595
     -47355
    -263015
     298685
    -293150
    -460840
     392165
    -228165
    -168920
      74415
     330460
    -372485
     152110
     499585
      -2255
    -572975
     265475
    -817130
    -651285
    -164820
     -36695
     394420
     299915
     337020
     487080
     306270
    -222015
     333945
    -241490
    -196390
     -11480
     252355
    -584250
    -203975
    -431935
     295610
      36490
    -301350
      98605
      43050
     445465
     402210
     480110
     165640
    -763420
    -880065
     224270
    -275110
      49405
     118695
     482775
    -627710
    -853210
     436650
       5330
     233085
     653540
     407540
   -1001835
    -417995
     440955
    -170150
    -242515
     284950
     691875
     143705
    -349115
    -569900
    -421685
    -415330
     166460
       4920
      31160
      66215
     435830
     -51865
    -137965
      46740
    -360800
     100245
    -863255
    -108445
     -52275
    -264655
    1115815
     -19270
    -293150
     524185
    -530540
     908765
      93890
    -197620
     373100
     -83230
      42640
     773055
    -220170
     161540
     658050
     255430
     513115
      58015
    -503890
     163385
     702740
     649850
     436035
     186960
    -565390
    -697000
       -615
     854645
     351575
     292125
     118490
    -439520
    -224065
    -678960
    -135710
    1157020
